0.000000000000000000e+00 0.000000000000000000e+00 0.000000000000000000e+00 0.000000000000000000e+00
1.547679936204874984e+00 1.123422213176072049e+00 2.018664314318483122e+01 1.985050000000000203e+00
2.440185518708313239e+00 2.793120540085888504e+00 1.600017281298087113e+01 1.902549999999999963e+00
4.552523863919823555e+00 6.681125872717772474e+00 1.399350106737115595e+01 1.907499999999999973e+00
9.017949561279660742e+00 1.389245027071059724e+01 1.747848516989501277e+01 1.777150000000000007e+00
1.441034335826999957e+01 1.630014003450061821e+01 3.185616748403137777e+01 1.610499999999999821e+00
1.163043920249604213e+01 3.198247359516107835e+00 3.781289244073280997e+01 1.509850000000000136e+00
4.485744474740162246e+00 -2.001290367309248364e+00 2.966331966363150485e+01 1.424050000000000038e+00
1.130778306524755861e+00 -1.596584228050252685e+00 2.258340129855925582e+01 1.405900000000000150e+00
2.344011559299543357e-01 -1.138080752392500283e+00 1.732504446025380673e+01 4.078899999999999970e+00
6.567173253954551593e-02 -9.818038402933126907e-01 1.330454692988800680e+01 3.526149999999999896e+00
6.795875616814792131e-02 -8.913264005048047167e-01 1.021787660456891622e+01 3.321550000000000225e+00
1.485832545063804910e-01 -7.180501249191075797e-01 7.848819541952964052e+00 3.153250000000000330e+00
3.779712585415754278e-01 -2.519402667175871802e-01 6.038989380304433219e+00 2.925549999999999873e+00
1.022606866548536164e+00 1.074079781580401516e+00 4.719944171270603839e+00 6.958150000000000723e+00
2.873710906388948771e+00 4.901278344820779509e+00 4.270989017262931675e+00 7.235350000000000392e+00
8.017193727274365855e+00 1.493676348880391203e+01 8.344888040451811761e+00 6.624850000000001238e+00
1.730152809027783434e+01 2.341794166177586689e+01 3.196853243876183015e+01 6.048999999999999488e+00
1.310087435820813262e+01 -1.562859873546037059e+00 4.358610708482782314e+01 5.502850000000001351e+00
1.129678048448482297e+00 -8.071086739440694657e+00 3.088540274748951120e+01 5.798200000000001353e+00
-3.837123142281027022e+00 -7.737016518100143792e+00 2.482506364089127970e+01 5.415400000000000880e+00
-6.152853988122134687e+00 -9.379140147902861102e+00 2.238264915222600138e+01 6.113349999999999618e+00
-8.608038469313438412e+00 -1.227734430889476158e+01 2.360113392929653031e+01 5.903800000000001269e+00
-1.080643407834970127e+01 -1.306376797734801620e+01 2.849873008056866652e+01 5.608450000000000379e+00
-1.037058144051349551e+01 -9.302378023649113814e+00 3.167977872931037808e+01 5.895550000000000068e+00
-7.710768200507947867e+00 -6.038035043147569780e+00 2.936580961219426911e+01 5.379100000000001103e+00
-5.866159550095891184e+00 -5.950405945046777667e+00 2.529548064849481293e+01 5.608450000000000379e+00
-5.904011241021300371e+00 -7.846919864161597147e+00 2.232634384532761018e+01 5.182750000000000412e+00
-7.614064465838874085e+00 -1.102749431910961064e+01 2.208452025350401016e+01 5.529250000000001108e+00
-1.020761256660839500e+01 -1.358042279241604788e+01 2.605256126013194873e+01 5.237200000000000522e+00
-1.117390358495588210e+01 -1.134115335501947008e+01 3.135524733339150671e+01 4.882450000000000401e+00
-8.883398274916924464e+00 -6.750945854663578771e+00 3.106789598344491310e+01 5.162950000000000372e+00
-6.231955704981466226e+00 -5.375681354939864320e+00 2.693192409887626937e+01 5.176150000000000695e+00
-5.423840114286734959e+00 -6.614024617386342619e+00 2.306614338868843106e+01 4.778500000000001080e+00
-6.502809766360043042e+00 -9.440002249961061409e+00 2.128134746605469019e+01 5.666200000000000792e+00
-9.047487402863248818e+00 -1.300237162010962244e+01 2.337672785673547438e+01 5.019400000000000084e+00
-1.135964260317474661e+01 -1.338866484705944693e+01 2.947546768229788228e+01 4.646500000000000519e+00
-1.032661431258935281e+01 -8.473420457425698160e+00 3.240100711152045676e+01 4.669599999999999973e+00
-7.124293601993582747e+00 -5.218185282091362787e+00 2.903914973920004883e+01 4.532650000000000290e+00
-5.277515750803648764e+00 -5.512079426632835677e+00 2.446364456783075170e+01 4.577200000000000379e+00
-5.520761231818440251e+00 -7.717115351435266390e+00 2.131588025031206968e+01 4.587100000000000399e+00
-7.548957470267308345e+00 -1.136787410717139046e+01 2.120739285193433332e+01 4.917100000000000470e+00
-1.058534145553608496e+01 -1.435192653494064707e+01 2.605187583924720585e+01 4.321450000000000458e+00
-1.159081613099825070e+01 -1.135542844320768374e+01 3.231897571895883203e+01 4.281850000000001266e+00
-8.691045383593952067e+00 -5.952582900207801231e+00 3.147289162075523095e+01 4.572250000000000369e+00
-5.672597344388022655e+00 -4.667314569957166093e+00 2.659506223093569588e+01 4.400649999999999729e+00
-4.833997291953722630e+00 -6.068712730803883737e+00 2.228478130339447105e+01 3.994750000000000245e+00
-6.009269081914382582e+00 -9.116244394411010532e+00 2.014482186752226056e+01 4.432000000000000384e+00
-8.873871740793138230e+00 -1.334447446189811437e+01 2.219066623459606902e+01 4.328050000000000175e+00
-1.180103868392962063e+01 -1.437169238573005892e+01 2.944282778313958460e+01 4.134999999999999787e+00
-1.080471679620846892e+01 -8.453896690420771520e+00 3.343957478736701461e+01 4.047550000000000203e+00
-6.948987696561010452e+00 -4.426454799970303888e+00 2.954591136668807394e+01 3.965050000000001074e+00
-4.675134418433818162e+00 -4.636357880037049739e+00 2.428714978017793413e+01 3.882550000000000168e+00
-4.723856628265084900e+00 -6.778074777064281520e+00 2.047571860539306599e+01 3.668049999999999589e+00
-6.701899495781266758e+00 -1.063189508689077911e+01 1.950492136311444469e+01 4.040950000000001374e+00
-1.023336607468311144e+01 -1.498252303057781987e+01 2.398278131349107767e+01 3.691150000000000375e+00
-1.239577943856607156e+01 -1.305772810582403665e+01 3.244897040990160519e+01 3.438699999999999424e+00
-9.470495241480312743e+00 -5.909643319972986752e+00 3.306911124467071517e+01 3.503049999999999997e+00
-5.502433873167293044e+00 -3.631051500503594820e+00 2.752868721624001580e+01 3.407350000000000545e+00
-3.996863980275841666e+00 -4.702027508003148171e+00 2.232104351267987852e+01 3.311650000000000205e+00
-4.697537306246921673e+00 -7.366563943292612215e+00 1.896716224402035067e+01 3.526150000000000784e+00
-7.325466196817769671e+00 -1.195759545839603888e+01 1.907640308520221950e+01 3.593799999999999883e+00
-1.135546873643607668e+01 -1.610996989575835414e+01 2.582022291042386541e+01 3.387550000000000505e+00
-1.251778330743256262e+01 -1.134259449951681376e+01 3.445434355147257577e+01 3.141700000000000159e+00
-8.212063612178663874e+00 -4.139379181523067608e+00 3.226613687094797456e+01 4.509549999999999947e+00
-4.406391495976856199e+00 -3.056880512553604046e+00 2.595875380024525114e+01 3.631750000000000256e+00
-3.386304884989506547e+00 -4.492086426079000105e+00 2.078720152138181021e+01 2.854600000000000026e+00
-4.415870501521768077e+00 -7.392158855019610897e+00 1.757833307625663366e+01 2.950300000000000367e+00
-7.420038028354106530e+00 -1.254288647905315202e+01 1.810229459061559965e+01 3.158200000000000340e+00
-1.196644303498468531e+01 -1.708241231487829026e+01 2.629863679802701526e+01 3.161500000000000199e+00
-1.282259046988232143e+01 -1.066567796616795505e+01 3.575648441384321075e+01 3.227500000000000480e+00
-7.600475221487740463e+00 -2.969503381022886135e+00 3.220673924504498586e+01 2.740750000000000242e+00
-3.595520884393426986e+00 -2.252015031705882020e+00 2.532458712227244035e+01 3.296799999999999731e+00
-2.568967974944011523e+00 -3.601617046088889218e+00 1.990811928512658824e+01 2.679700000000000415e+00
-3.420659915672222606e+00 -6.114717324223521544e+00 1.625035797291561579e+01 2.854600000000000026e+00
-6.130655004485467074e+00 -1.106384287726147875e+01 1.558704092791273865e+01 2.970099999999999962e+00
-1.113504897120838955e+01 -1.773221504239964119e+01 2.245562908546909853e+01 2.790250000000000341e+00
-1.414760104539655927e+01 -1.378980979670706652e+01 3.589775493202340328e+01 2.524600000000000399e+00
-8.865454832584259037e+00 -2.766321383454867444e+00 3.463644714488632559e+01 2.364549999999999930e+00
-3.389425340408461551e+00 -8.525937314295215508e-01 2.679147259876109288e+01 2.428900000000000059e+00
-1.451603334291975855e+00 -1.696995816291330783e+00 2.061090045458554698e+01 2.819949999999999957e+00
-1.374642790447982987e+00 -2.849558267521620891e+00 1.597227530689535868e+01 2.720949999999999758e+00
-2.378669338619636697e+00 -5.028847475820715118e+00 1.272829651405129248e+01 2.687950000000000284e+00
-5.026873830001069798e+00 -1.000801406280402261e+01 1.182612119790772809e+01 2.521300000000000097e+00
-1.066251823370240359e+01 -1.880929550548943752e+01 1.846286185291101489e+01 2.681350000000000122e+00
-1.573171449603960781e+01 -1.673667502771056093e+01 3.694430498449505507e+01 2.362900000000000222e+00
-9.534049582390458966e+00 -1.111115810550815208e+00 3.703947470043814150e+01 2.526250000000000107e+00
-2.222257889992432123e+00 1.521403424523870562e+00 2.765963651704397819e+01 2.080750000000000099e+00
6.194989735495617378e-01 1.236146673552196429e+00 2.113754520498935818e+01 2.108800000000000452e+00
1.907390569203496700e+00 2.212771092539148388e+00 1.654047220034832222e+01 2.023000000000000131e+00
3.708782288202938204e+00 5.286009720466709361e+00 1.383813424480560350e+01 3.140050000000000008e+00
7.510092806233963358e+00 1.179443725209340244e+01 1.526392523140101254e+01 3.062500000000000444e+00
1.344252576297896162e+01 1.765109841003616609e+01 2.728193168852477157e+01 2.902449999999999974e+00
1.348612091761754428e+01 6.667032731275853941e+00 3.882996583413085290e+01 1.696299999999999919e+00
5.988901194466192734e+00 -1.890880012242485808e+00 3.199855558657915466e+01 2.023000000000000131e+00
1.482120470123036604e+00 -2.030599130914438888e+00 2.423773897884532147e+01 2.379399999999999959e+00
9.156439614970009189e-02 -1.592651885284745106e+00 1.856949600621702956e+01 2.357950000000000212e+00
-3.604639464676643867e-01 -1.731218530268116451e+00 1.427040047569174952e+01 2.295249999999999790e+00
-8.369014457053816081e-01 -2.515631468949435678e+00 1.101641414313066747e+01 3.475000000000000089e+00
-1.934015559627653591e+00 -4.643363273976927275e+00 8.760471196535196015e+00 4.232350000000000279e+00
-4.757560381420681495e+00 -1.013948163303106398e+01 8.532698221939295280e+00 4.159749999999999837e+00
-1.127779703052830307e+01 -2.085115261066583159e+01 1.689909085507981246e+01 3.432100000000000151e+00
-1.705456215801590858e+01 -1.684420424979685649e+01 4.010268009283812063e+01 3.394149999999999778e+00
-8.510785673979349042e+00 1.849807165204228276e+00 3.741394207255449800e+01 3.724149999999999849e+00
-3.544859786274298652e-01 3.617210742427801939e+00 2.740418398013336798e+01 3.374349999999999739e+00
2.754242126538151592e+00 3.836795420776987875e+00 2.164746644692696975e+01 3.215950000000000752e+00
4.842471212325325958e+00 6.327458612996137433e+00 1.862581616865825040e+01 3.950200000000000156e+00
8.079646592232130331e+00 1.114943592215148804e+01 1.982009066539598408e+01 4.073949999999999960e+00
1.208572694830043304e+01 1.411118528291482832e+01 2.804421927277261162e+01 3.854500000000000259e+00
1.193689203580190394e+01 7.401393439749586634e+00 3.498257781902411523e+01 3.344650000000000123e+00
7.164361736532475433e+00 1.443480571507711030e+00 3.096461993475151786e+01 3.230800000000000338e+00
3.940596049129614364e+00 1.196508177639771908e+00 2.471282702101519746e+01 3.210999999999999854e+00
3.404109323243840635e+00 2.903746774547352860e+00 1.987587044267668546e+01 2.811700000000000088e+00
4.812794302916790556e+00 6.199243498249602524e+00 1.718793721825432996e+01 3.410649999999999959e+00
8.254672110790478357e+00 1.177884369715517998e+01 1.891002447730446789e+01 3.856149999999999967e+00
1.272096620339117123e+01 1.495702511120288847e+01 2.873359690784504039e+01 3.141700000000000159e+00
1.209619403696543749e+01 6.541743250992441361e+00 3.606346921885594980e+01 2.597200000000000397e+00
6.521006079235506903e+00 3.800882982909050689e-01 3.081567334549588466e+01 2.709400000000000475e+00
3.143611718343456207e+00 3.750525536357944834e-01 2.410735754374389472e+01 2.701150000000000162e+00
2.539787834903935781e+00 1.886704483776484587e+00 1.899147537094976457e+01 2.506450000000000067e+00
3.684593120535472277e+00 4.700569371286436926e+00 1.570406087689342556e+01 2.849650000000000460e+00
6.793512404520155812e+00 1.020047339497267025e+01 1.587603129191809437e+01 2.745699999999999807e+00
1.206828715423857901e+01 1.640674994699808309e+01 2.462310769709221248e+01 2.658250000000000224e+00
1.383372693127181563e+01 9.639126370999026250e+00 3.712644724356139392e+01 2.518000000000000238e+00
7.684357635599273095e+00 -1.891567692810609547e-01 3.336356462693635194e+01 3.260500000000000398e+00
2.779593074436142786e+00 -1.157478601762956139e+00 2.561929088177976865e+01 2.423950000000000049e+00
1.246492596321032487e+00 -2.731462355891063343e-01 1.970984750633667204e+01 2.565849999999999742e+00
1.306018352294511686e+00 8.565097520962834388e-01 1.526947800309861947e+01 2.676399999999999668e+00
2.372153372210503708e+00 3.090306992176484080e+00 1.218525640730908677e+01 2.646700000000000053e+00
5.126770112873719754e+00 8.272120160350866058e+00 1.148680685759559239e+01 2.942050000000000498e+00
1.097794580767861738e+01 1.733135825776068017e+01 1.876441435008728931e+01 2.404150000000000009e+00
1.588243301983881928e+01 1.422574239295172838e+01 3.779409317412232383e+01 2.282049999999999912e+00
9.108104577831987569e+00 -1.514630683297172986e+00 3.677184727786507779e+01 2.633500000000000174e+00
1.846235370368030759e+00 -3.762606926566327559e+00 2.734982995388576299e+01 2.069200000000000372e+00
-9.295734910046703492e-01 -3.563559012865002984e+00 2.096418355443658399e+01 2.054349999999999898e+00
-2.323904449230612013e+00 -4.831761907210962548e+00 1.655753073660161689e+01 1.998250000000000304e+00
-4.440556226468899581e+00 -8.461085686608690537e+00 1.434530478242266938e+01 3.138400000000000301e+00
-8.728857035100977768e+00 -1.539329949918256268e+01 1.732781331030265193e+01 2.798500000000000210e+00
-1.412844683397098855e+01 -1.842002259313785117e+01 3.092956558553668955e+01 2.065900000000000070e+00
-1.195843695660582284e+01 -5.990760464889094195e+00 3.784216523577865132e+01 1.615450000000000053e+00
-4.896673666588892360e+00 -2.593917623204184952e-01 3.008084810220646332e+01 1.565950000000000175e+00
-1.403571950137643132e+00 -5.952310490970742496e-01 2.292622531579728218e+01 2.844700000000000006e+00
-5.061398554901078706e-01 -1.211875090433472302e+00 1.759861001361056410e+01 2.349700000000000344e+00
-5.063891357947373217e-01 -1.741227755288483614e+00 1.353451676524422176e+01 2.650000000000000355e+00
-9.766111639641783526e-01 -2.747758914884844916e+00 1.047123931817075615e+01 3.907300000000000662e+00
-2.265027329397601541e+00 -5.293107472253114842e+00 8.452349840007549631e+00 4.385799999999999699e+00
-5.605378799888236507e+00 -1.174423559815500617e+01 8.997298851209496462e+00 4.088799999999999990e+00
-1.283782533034152351e+01 -2.252047394109654377e+01 2.047070754692974859e+01 3.508000000000000451e+00
-1.651467079242035396e+01 -1.257478687699073916e+01 4.231328880534132253e+01 3.783550000000000413e+00
-6.535980901847127100e+00 2.943969996522373123e+00 3.522244791019579679e+01 3.742300000000000182e+00
4.750111285853957921e-01 3.562424338004410274e+00 2.613450938029704673e+01 3.430450000000000443e+00
3.142039032028770329e+00 4.132998427626575655e+00 2.090975808319360496e+01 3.222550000000000470e+00
5.341677840864551996e+00 7.090154852489559900e+00 1.848151216618002124e+01 4.559050000000000047e+00
8.860166364009806728e+00 1.211344099166342403e+01 2.084799779349025073e+01 3.479950000000000543e+00
1.254283345576652664e+01 1.355949071574132958e+01 3.001556266128757855e+01 3.171399999999999775e+00
1.117803692952783123e+01 5.771797786019541299e+00 3.484258515006627732e+01 3.074049999999999727e+00
6.343408361146646968e+00 1.137076389773973517e+00 2.973283364095781423e+01 2.978350000000000275e+00
3.688533562371703489e+00 1.454717578506093734e+00 2.368500301629991256e+01 3.103749999999999787e+00
3.561924885978897226e+00 3.415414694433515308e+00 1.920068986704271552e+01 2.673099999999999810e+00
5.338305897635918562e+00 7.137884157373704852e+00 1.711721054296070221e+01 3.346300000000000718e+00
9.171615565670151682e+00 1.294043294139441436e+01 2.022876232851593059e+01 2.975049999999999972e+00
1.320627462355510318e+01 1.410824224261994964e+01 3.112454424795332741e+01 2.653300000000000214e+00
1.109261659399960642e+01 4.638541000207077936e+00 3.563509284730741911e+01 2.658250000000000224e+00
5.600249550753432892e+00 1.499570268283796359e-01 2.938235118013468039e+01 2.871100000000000207e+00
2.885491775929158287e+00 6.522817420900870466e-01 2.297843814877124657e+01 2.620300000000000296e+00
2.687085170460917549e+00 2.369008523956379619e+00 1.820892181872206805e+01 2.730850000000000222e+00
4.191860899294475473e+00 5.641928402817241839e+00 1.543521092987959165e+01 3.762100000000000666e+00
7.817059140376186654e+00 1.176249722675810361e+01 1.692063977494441929e+01 3.471699999999999786e+00
1.309743530760844621e+01 1.642777797411042329e+01 2.789429959281543958e+01 2.674749999999999961e+00
1.288732875591311533e+01 6.728258122175164502e+00 3.754572748402528504e+01 2.600499999999999812e+00
6.304078789280239015e+00 -8.018608185831191948e-01 3.154641358670227547e+01 2.450350000000000250e+00
2.279727864339438526e+00 -9.213919026418520009e-01 2.419294094496554592e+01 2.430549999999999766e+00
1.239477548837428111e+00 3.858478646977347992e-02 1.865039325308763551e+01 2.547700000000000298e+00
1.565600177693034167e+00 1.392028405669179847e+00 1.452016755328725672e+01 2.630199999999999871e+00
3.012990638908284335e+00 4.278029390537740007e+00 1.189038491618537385e+01 2.626900000000000457e+00
6.558456453727512958e+00 1.074841027145483352e+01 1.262332873626514562e+01 2.539450000000000429e+00
1.310496899684159189e+01 1.896591425387023477e+01 2.416859597147665184e+01 2.326600000000000446e+00
1.487467016634764150e+01 8.603208825987309183e+00 4.024218836066387439e+01 3.012999999999999901e+00
6.442017015908248823e+00 -2.964048531362005079e+00 3.360264069449669222e+01 2.125300000000000189e+00
8.096119640432579700e-01 -3.452682659042089153e+00 2.515003066309722612e+01 2.011450000000000404e+00
-1.196154538742679740e+00 -3.514914393860959496e+00 1.939645825764405984e+01 2.003200000000000092e+00
-2.536956746644518645e+00 -5.194257642417429821e+00 1.543646684249316259e+01 1.958649999999999780e+00
-4.968824794974804782e+00 -9.481859025613973202e+00 1.388551974192129101e+01 1.902549999999999963e+00
-9.840198081447896428e+00 -1.700714527946297494e+01 1.870822399712897166e+01 1.745800000000000018e+00
-1.475815277785421742e+01 -1.715665104802905105e+01 3.405314752719726812e+01 1.592349999999999932e+00
-1.058321852148339737e+01 -3.635904499495998810e+00 3.703983670962066554e+01 1.531299999999999883e+00
-3.724424884112745193e+00 1.362061877099265406e-01 2.854422114532544441e+01 1.480150000000000077e+00
-8.393322867291860279e-01 -3.945803081167134074e-01 2.175739587415282017e+01 2.765499999999999847e+00
-7.793209908682152687e-02 -7.291739692985950150e-01 1.669525435423630810e+01 2.859550000000000480e+00
1.411817618943118635e-01 -6.886276714336647675e-01 1.282274713463731075e+01 2.704450000000000021e+00
3.572093325485785065e-01 -3.347025577982536415e-01 9.857867988663441494e+00 2.541100000000000136e+00
8.617674607518281960e-01 6.573054794892285724e-01 7.629852291102493744e+00 5.087050000000000516e+00
2.215324970894656076e+00 3.384801792032440027e+00 6.247825761013120704e+00 5.989600000000000257e+00
5.882569886240951895e+00 1.062013193324535010e+01 7.534114208701007342e+00 5.539150000000000240e+00
1.394834758808661235e+01 2.233022535960912336e+01 2.178070392999008931e+01 4.661350000000000549e+00
1.653475916490743103e+01 7.856459586869053879e+00 4.431847715918805619e+01 5.042500000000000426e+00
5.006867743280198901e+00 -6.614781678016252719e+00 3.432005947008862989e+01 4.521099999999999675e+00
-1.792491014143248185e+00 -6.670501564149682316e+00 2.589754202438975028e+01 4.243900000000000894e+00
-4.453377858115186605e+00 -7.620725302926017797e+00 2.162800633621942481e+01 4.276900000000000368e+00
-6.888806950532608830e+00 -1.082764060864916544e+01 2.067124625287090112e+01 4.380849999999999689e+00
-1.014479219551701661e+01 -1.438403246996818297e+01 2.478939296443532214e+01 4.090449999999999697e+00
-1.187769434498180665e+01 -1.242447785346386446e+01 3.189565279885210813e+01 3.971650000000000347e+00
-9.305355232219666206e+00 -6.393892004752350644e+00 3.229322608713805209e+01 4.014550000000000729e+00
-5.882965053606796779e+00 -4.391262206927127210e+00 2.740219380731383580e+01 3.910600000000000076e+00
-4.624214624894725567e+00 -5.499222730404333070e+00 2.270226032119843396e+01 3.689500000000000224e+00
-5.477958350278323785e+00 -8.288602205010693780e+00 1.993805774111434914e+01 4.559050000000000047e+00
-8.147098710045245440e+00 -1.261712944883413812e+01 2.094146161485736712e+01 5.322999999999999510e+00
-1.153681410418760933e+01 -1.509777217204733901e+01 2.778448296529391826e+01 4.253800000000000026e+00
-1.155130473823836645e+01 -9.813377496851718007e+00 3.376069269558784924e+01 4.163050000000000139e+00
-7.615817037392166533e+00 -4.520781653769624597e+00 3.076056716909193156e+01 3.545950000000000824e+00
-4.724576127137749992e+00 -4.119556355937382008e+00 2.518539501568086791e+01 3.544299999999999784e+00
-4.296622148546630271e+00 -5.923775369103819521e+00 2.081527930991648745e+01 3.346299999999999830e+00
-5.865606233719176110e+00 -9.413624062092281974e+00 1.886658488007498846e+01 3.608650000000000801e+00
-9.255585408773265854e+00 -1.431246744406582394e+01 2.177301916391864012e+01 3.367750000000000909e+00
-1.249224441925432494e+01 -1.484172936060209658e+01 3.070973272636526019e+01 3.151600000000000623e+00
-1.069305587284531533e+01 -7.279175224956585311e+00 3.428306772019353588e+01 3.182950000000000390e+00
-6.160987595688276919e+00 -3.388900467178945775e+00 2.911537673119175196e+01 3.085599999999999898e+00
-3.866289663173740010e+00 -3.916152121815425158e+00 2.336799997968704545e+01 2.996499999999999719e+00
-3.988098236669796570e+00 -6.089741903247582577e+00 1.923537818573674585e+01 2.978350000000000275e+00
-6.037490964575423114e+00 -1.012693001806717064e+01 1.781729814330805439e+01 3.156549999999999745e+00
-1.000564896118775415e+01 -1.556923587754413774e+01 2.219200430040638139e+01 2.814999999999999947e+00
-1.312872453272435713e+01 -1.450032374642525035e+01 3.271856742714901856e+01 2.793550000000000200e+00
-1.001841876220126260e+01 -5.536615529573364114e+00 3.446754820090556137e+01 2.631850000000000467e+00
-5.126009210462144416e+00 -2.513808661761943952e+00 2.809553912413904087e+01 2.643400000000000194e+00
-3.089962128251308116e+00 -3.381944560286430423e+00 2.217284264786067283e+01 2.570800000000000196e+00
-3.357900981964641929e+00 -5.523055946216262946e+00 1.794046372922717225e+01 2.681350000000000122e+00
-5.451941253464319459e+00 -9.625037000585207281e+00 1.624424414993940857e+01 2.610400000000000276e+00
-9.726059269839687715e+00 -1.593875583528473427e+01 2.042990927413466196e+01 2.483350000000000168e+00
-1.374801124029250055e+01 -1.591392216960186268e+01 3.276593549265826510e+01 2.372799999999999798e+00
-1.054975208377103968e+01 -5.200026942740230140e+00 3.576349748303420739e+01 2.267200000000000326e+00
-4.774801185976262019e+00 -1.468874569736846825e+00 2.861438613253081442e+01 2.098899999999999988e+00
-2.249156667735654924e+00 -2.153351074357734873e+00 2.215958639686982323e+01 2.155000000000000249e+00
-2.067023071332491746e+00 -3.641599083135547588e+00 1.734519858827187377e+01 2.029600000000000293e+00
-3.346258388020358687e+00 -6.454200475116818048e+00 1.424067003770846895e+01 2.371150000000000091e+00
-6.604064224501375868e+00 -1.228321537094932481e+01 1.451603895278880429e+01 2.902450000000000419e+00
-1.236877929690744971e+01 -1.937064882930240017e+01 2.412217871510111777e+01 1.734250000000000069e+00
-1.434865614637444864e+01 -1.160947743059731785e+01 3.828997669217902455e+01 2.584000000000000075e+00
-7.364312781543048025e+00 -7.747682955513935932e-01 3.367970997471610417e+01 2.712699999999999889e+00
-2.059047961552868511e+00 8.408048358139530443e-02 2.550950154985651963e+01 2.447050000000000392e+00
-3.031314174024355990e-01 -4.621986059909868327e-01 1.951980617139615504e+01 2.560900000000000176e+00
1.824996554131420035e-01 -5.105387501201761324e-01 1.499021562599168256e+01 2.471800000000000441e+00
5.063388216603874614e-01 -7.553303938273303597e-02 1.153308684481150870e+01 3.149950000000000028e+00
1.164542435204675153e+00 1.182538387320836826e+00 8.966154974904702257e+00 4.276900000000000368e+00
2.862872492642964062e+00 4.544253099415170638e+00 7.538221174789113910e+00 4.801600000000000534e+00
7.244374506800901337e+00 1.285115849613456973e+01 9.974497350654898398e+00 4.930299999999999905e+00
1.537718591585327133e+01 2.191692815881014056e+01 2.764828957448242974e+01 4.339599999999999902e+00
1.443549776567105702e+01 3.343409635243445699e+00 4.306642915861467458e+01 3.512950000000000017e+00
3.545992900604820530e+00 -6.067229499798907355e+00 3.200943911084545590e+01 3.702700000000000546e+00
-1.817736723388646558e+00 -5.894283628840882194e+00 2.444537896703612390e+01 3.514600000000000168e+00
-4.108202576766243119e+00 -7.212142429485874473e+00 2.024074651651810086e+01 3.598750000000000338e+00
-6.676893888193922599e+00 -1.094269644410394093e+01 1.932498887855489400e+01 3.653200000000000003e+00
-1.043941442571655109e+01 -1.530882333571184262e+01 2.422523315629978669e+01 3.346299999999999830e+00
-1.250621863536780687e+01 -1.284511649008845957e+01 3.295353388000531680e+01 3.288550000000000306e+00
-9.250871313058027567e+00 -5.477409121575730566e+00 3.303653927944209556e+01 3.123550000000000271e+00
-5.233843800915140676e+00 -3.422161156948870797e+00 2.723214777130506192e+01 3.148300000000000320e+00
-3.803093193677636652e+00 -4.577467544243141617e+00 2.197494770445038625e+01 3.031150000000000233e+00
-4.558011330031501274e+00 -7.274451103987103373e+00 1.859368682985190446e+01 3.169750000000000068e+00
-7.251324951808689079e+00 -1.198556666729089137e+01 1.869033036457937058e+01 3.481599999999999806e+00
-1.143799661676058932e+01 -1.638692311364781062e+01 2.566650891075429186e+01 2.894200000000000106e+00
-1.268508020845089135e+01 -1.141335620944171936e+01 3.476463289525005251e+01 2.861200000000000188e+00
-8.172079056069655678e+00 -3.875985604759074388e+00 3.243220851105971292e+01 4.308250000000000135e+00
-4.220180240565957419e+00 -2.788147117624116156e+00 2.592340450464928736e+01 3.098800000000000221e+00
-3.137180490199964034e+00 -4.178677896370274425e+00 2.062285608138012805e+01 2.572449999999999903e+00
-4.080370879276020268e+00 -6.944322742061372011e+00 1.721225646529973474e+01 2.626900000000000013e+00
-6.977978569807935294e+00 -1.204393199188891828e+01 1.727421200787436462e+01 2.935450000000000781e+00
-1.171026905453149070e+01 -1.737335535092756800e+01 2.504218927892075186e+01 2.422299999999999898e+00
-1.328896694774827481e+01 -1.167333439328709410e+01 3.588130452297698270e+01 2.316700000000000426e+00
-8.016049797834465807e+00 -2.910764750701064774e+00 3.300555489718986024e+01 4.438600000000000101e+00
-3.542875944714861447e+00 -1.816791813177755177e+00 2.582428954060033632e+01 2.623600000000000154e+00
-2.218369033768978316e+00 -2.989226654548693851e+00 2.013587264122678988e+01 2.356300000000000061e+00
-2.765526848433520701e+00 -5.069719592072131853e+00 1.608654997674066678e+01 1.993300000000000294e+00
-4.969548400867903837e+00 -9.293065467004643310e+00 1.438655402148930307e+01 2.704450000000000021e+00
-9.614217064390475187e+00 -1.652534455444537542e+01 1.873826882479848166e+01 2.702799999999999869e+00
-1.448524993665258087e+01 -1.722063241925629384e+01 3.326760381988049176e+01 1.693000000000000282e+00
-1.084834632994868464e+01 -4.334006734832112073e+00 3.699999317088229844e+01 1.950400000000000134e+00
-4.126838369655680516e+00 -2.201756493556943362e-01 2.883535140394693030e+01 1.587399999999999922e+00
-1.199969450911814395e+00 -7.613012012471037648e-01 2.201844880089208800e+01 2.476750000000000451e+00
-5.313550693774027334e-01 -1.377909702535695002e+00 1.691327329894978249e+01 2.282049999999999912e+00
-6.564230847484544551e-01 -2.031194216264053054e+00 1.302295770415895326e+01 2.823250000000000259e+00
-1.334079904288993701e+00 -3.418179395119370412e+00 1.014505109248399428e+01 3.747250000000000636e+00
-3.132720726797832089e+00 -6.947751638060295498e+00 8.576437981976708258e+00 4.512849999999999362e+00
-7.639474878195133378e+00 -1.529993896291355071e+01 1.126755113092977467e+01 4.120150000000000645e+00
-1.543045014600444631e+01 -2.306202575745048122e+01 2.898425391835549547e+01 4.032700000000001062e+00
-1.380387908555810483e+01 -4.885616609111552933e+00 4.215121066208892131e+01 3.130149999999999988e+00
-3.538148643267687632e+00 3.444168867107192611e+00 3.147167299696435094e+01 3.148299999999999432e+00
1.426729152756839314e+00 3.274111842393075733e+00 2.396037213746613048e+01 2.958550000000000235e+00
3.553922515447001107e+00 4.526406274371844951e+00 1.949267861104871713e+01 2.981650000000000134e+00
6.029227008096537332e+00 8.279937010742520087e+00 1.803359690163430784e+01 3.140050000000000452e+00
1.004176138143744978e+01 1.355423533339342690e+01 2.243855709578740232e+01 2.902450000000000419e+00
1.305622689920076596e+01 1.231001359260538663e+01 3.275463668126171513e+01 2.762199999999999989e+00
9.930419451382684670e+00 3.535025957244578798e+00 3.430256952886154664e+01 2.621950000000000003e+00
5.143022184621120374e+00 6.246476266535552213e-01 2.800192126530919978e+01 2.593900000000000095e+00
3.176382598944382352e+00 1.522905204221702835e+00 2.215246275960271660e+01 2.608750000000000124e+00
3.501139022839586001e+00 3.733837358403758522e+00 1.800772052275418389e+01 2.582349999999999923e+00
5.677511104707632761e+00 7.943503070441568781e+00 1.650736401054245306e+01 2.584000000000000519e+00
9.993988003020888300e+00 1.413174854798209168e+01 2.110282610725426977e+01 2.432200000000000362e+00
1.369451028581451268e+01 1.333626518549073303e+01 3.325002005557593066e+01 2.277100000000000346e+00
1.019692593177010664e+01 2.899223322167941319e+00 3.534009688374559488e+01 2.219349999999999934e+00
4.649962174675824400e+00 -3.827397868971652573e-01 2.822137352415759182e+01 2.077449999999999797e+00
2.333676890801823500e+00 3.942343370569880712e-01 2.191347508417113943e+01 2.480050000000000310e+00
2.294739479290246909e+00 2.026240127160410687e+00 1.724120379632318389e+01 1.981750000000000123e+00
3.784380640593268730e+00 5.178512939160624384e+00 1.441922510682951675e+01 2.554300000000000015e+00
7.394954118430587364e+00 1.144425899763643173e+01 1.557820913472891000e+01 3.242349999999999621e+00
1.311786195545322364e+01 1.728173952785869005e+01 2.676495458703324104e+01 2.282049999999999912e+00
1.352356676273070235e+01 7.323974878452355952e+00 3.838872763191928783e+01 2.204499999999999904e+00
6.383850688478052149e+00 -1.426454456483982058e+00 3.223550078332993962e+01 1.580799999999999983e+00
1.850591274331451874e+00 -1.699381892572589203e+00 2.449843333087130404e+01 2.023000000000000131e+00
4.913321860458168544e-01 -1.076583836607656997e+00 1.877834644807845876e+01 3.098800000000000665e+00
2.727498529653227255e-01 -7.136225798366641060e-01 1.442427553396597517e+01 2.514700000000000379e+00
4.307547861279954482e-01 -2.602317459829811552e-01 1.109233816273231454e+01 2.473450000000000149e+00
9.635920867662850497e-01 8.115496454914450375e-01 8.593063460662859754e+00 4.564000000000000057e+00
2.394445147814413311e+00 3.670402706638889789e+00 7.054727424540339520e+00 5.615050000000000097e+00
6.188025925242621739e+00 1.104896929122651628e+01 8.457515457952190729e+00 5.161299999999999777e+00
1.416707018122890993e+01 2.204718498390026582e+01 2.311296832081936969e+01 4.062399999999999345e+00
1.602393763366044155e+01 7.029955309739801095e+00 4.381011638836941557e+01 4.291750000000000398e+00
4.855571569406171406e+00 -6.182419954408085339e+00 3.380540516216665736e+01 4.380849999999999689e+00
-1.555052957603549002e+00 -6.217965080031057745e+00 2.550000218803438656e+01 3.735700000000000021e+00
-4.097261426414788410e+00 -7.211942130113410343e+00 2.104847492881512494e+01 3.752200000000000202e+00
-6.541361408640108621e+00 -1.057319281777224518e+01 1.981009527717234064e+01 3.986499999999999932e+00
-1.005081336963076843e+01 -1.473656456035779350e+01 2.391138824929920759e+01 3.862750000000000128e+00
-1.226720821035994113e+01 -1.314366010355269232e+01 3.206570206353570285e+01 3.448600000000000332e+00
-9.601064840007696333e+00 -6.246411237318982401e+00 3.302493206619160304e+01 3.638350000000000417e+00
-5.714640810915396330e+00 -3.831418804593533345e+00 2.772648347051959661e+01 3.461800000000000210e+00
-4.172441177201015705e+00 -4.836166988951938528e+00 2.258941605355042270e+01 3.366099999999999870e+00
-4.839862017831229046e+00 -7.479092446007122419e+00 1.928723071140613854e+01 3.432100000000000595e+00
-7.420381876662803577e+00 -1.196944743368895736e+01 1.944824406009686868e+01 4.014550000000000729e+00
-1.130624916819161818e+01 -1.586327768967137430e+01 2.603133448786278237e+01 3.489850000000000119e+00
-1.234878260694061325e+01 -1.120931714294362891e+01 3.420020452610140893e+01 3.161500000000000199e+00
-8.208219855854245850e+00 -4.347629801865535271e+00 3.206598030371716845e+01 4.473250000000000171e+00
-4.557018319026752806e+00 -3.306623559655605948e+00 2.594662838525000126e+01 4.039300000000000779e+00
-3.611884272628583581e+00 -4.787671991174443420e+00 2.091323933919426281e+01 2.955249999999999932e+00
-4.725619227530327038e+00 -7.803054503929359065e+00 1.791433535212040695e+01 3.905650000000000066e+00
-7.812273291378660112e+00 -1.295274517050060048e+01 1.887771621556523272e+01 3.615250000000000075e+00
-1.213867270180158364e+01 -1.671377750043597388e+01 2.734752847117242069e+01 4.578850000000000087e+00
-1.238183200173057585e+01 -9.851174660736118582e+00 3.552683662197382120e+01 3.428800000000000292e+00
-7.271524003518134549e+00 -3.068599328457885633e+00 3.151839759843371169e+01 3.169750000000000512e+00
-3.668455512984172273e+00 -2.648758679880262257e+00 2.490617240109189368e+01 3.235749999999999904e+00
-2.900487752987295664e+00 -4.168178888172656471e+00 1.975085673679446785e+01 2.625249999999999861e+00
-4.026224236265268708e+00 -7.063896060911096342e+00 1.650724908756870235e+01 3.435400000000000009e+00
-7.138776863053819532e+00 -1.247953486702108528e+01 1.691167958890791567e+01 3.174700000000000077e+00
-1.211993409654603582e+01 -1.787213092885931331e+01 2.561870302571899671e+01 2.603800000000000114e+00
-1.333719972488067995e+01 -1.098553123541133836e+01 3.660121588714706320e+01 2.885949999999999793e+00
-7.541148330490934804e+00 -2.259521488939323142e+00 3.273177384028534931e+01 2.892549999999999955e+00
-3.092583097453806662e+00 -1.470558536612452727e+00 2.537052838154802714e+01 2.790250000000000341e+00
-1.820839367400167941e+00 -2.572979760291337126e+00 1.966916970132830045e+01 2.384349999999999969e+00
-2.262807087950307938e+00 -4.367722343545682229e+00 1.552005280203375470e+01 2.455300000000000260e+00
-4.168052231098688942e+00 -8.094628927242901284e+00 1.334255088214599638e+01 4.100349999999999717e+00
-8.480130890796399257e+00 -1.534570072932025653e+01 1.616500603063963837e+01 2.879350000000000076e+00
-1.436126303384418179e+01 -1.932045199810459124e+01 3.049640002773522696e+01 2.456950000000000411e+00
-1.237078987327211976e+01 -5.951438225781493507e+00 3.866675118209243323e+01 1.924000000000000377e+00
-4.731249074329717530e+00 3.885551072554762619e-01 3.043964185802908418e+01 2.480049999999999866e+00
-9.159498935772455441e-01 1.261933250992839373e-01 2.308287229641306837e+01 2.192950000000000177e+00
2.509667353078698371e-01 -8.748810743727153394e-02 1.770893184118822816e+01 2.351350000000000051e+00
8.314128783055202421e-01 4.848714280687831391e-01 1.365725596384580420e+01 3.024550000000000072e+00
1.800023833214059232e+00 2.254766295647161023e+00 1.075161738488115759e+01 3.220900000000000318e+00
4.151252564653105992e+00 6.762658104127870828e+00 9.641662147106238479e+00 3.239050000000000207e+00
9.624251400761259845e+00 1.615753062630215808e+01 1.492401238835375921e+01 2.950300000000000367e+00
1.636062929477173711e+01 1.792191434450796095e+01 3.540230655248554825e+01 2.857900000000000329e+00
1.088956933253550652e+01 -8.252425642225516000e-01 3.930092525941596904e+01 2.694549999999999557e+00
2.081076452488395123e+00 -4.847045391271629811e+00 2.892356360566567375e+01 2.620300000000000296e+00
-1.538216992964675622e+00 -4.687235033327084466e+00 2.224414684428850819e+01 2.613700000000000134e+00
-3.354626424127790330e+00 -6.284084893917592396e+00 1.804616226656027322e+01 2.649999999999999911e+00
-5.950602969568640432e+00 -1.048348749427851878e+01 1.681834525023361948e+01 2.841400000000000148e+00
-1.040043002901370883e+01 -1.645551654476777159e+01 2.208575715655996063e+01 2.791900000000000048e+00
-1.362176758762828577e+01 -1.446896293061020344e+01 3.397868140078040966e+01 2.339799999999999880e+00
-9.661130973182844528e+00 -4.407098900419780918e+00 3.474273735995750201e+01 2.595550000000000690e+00
-4.414436061491950447e+00 -1.755759616852275995e+00 2.762254449936640555e+01 2.189649999999999874e+00
-2.387260049791460226e+00 -2.662523764593184072e+00 2.150688021753325430e+01 2.425600000000000644e+00
-2.537303743433604541e+00 -4.466583211987964930e+00 1.703023087622670673e+01 2.009800000000000253e+00
-4.282223932931938037e+00 -8.013505215219659306e+00 1.458945680515961030e+01 3.564100000000000268e+00
-8.277754337795252937e+00 -1.467225002062641082e+01 1.687379327046767941e+01 3.423850000000000282e+00
-1.375180242075514059e+01 -1.868992837634950277e+01 2.950593712751535591e+01 2.488300000000000178e+00
-1.248700685009222688e+01 -7.157247540520587314e+00 3.798076277309023396e+01 1.948749999999999760e+00
-5.460087569476574032e+00 -4.981251062363306614e-01 3.078204761918271615e+01 2.270499999999999741e+00
-1.674890946853827334e+00 -6.674712103396707175e-01 2.347348225052697401e+01 2.676400000000000556e+00
-6.828170652707329369e-01 -1.380078988142821039e+00 1.802692398850417632e+01 2.409100000000000019e+00
-7.411935582517995558e-01 -2.102643309439665043e+00 1.388669880535570833e+01 2.742399999999999949e+00
-1.430480149163428916e+00 -3.545337246935643893e+00 1.083038830478457371e+01 3.488200000000000411e+00
-3.271893450694741023e+00 -7.138529279714499687e+00 9.176712541012939539e+00 4.854400000000000936e+00
-7.809044920691473379e+00 -1.544099872092722592e+01 1.195459440282757768e+01 4.141600000000000392e+00
-1.537775005204570178e+01 -2.256530350675458862e+01 2.946810725091559391e+01 3.486549999999999816e+00
-1.353381594103467478e+01 -4.838242240621688950e+00 4.166865897773281091e+01 2.861200000000000188e+00
-3.615014888905222712e+00 3.074455532952271142e+00 3.125280680498795860e+01 3.107050000000000534e+00
1.167625175632051704e+00 2.902420021104500147e+00 2.374419742734566086e+01 3.133449999999999847e+00
3.194224153683149936e+00 4.059394439982018987e+00 1.911347055225386526e+01 2.778700000000000170e+00
5.556292256544760555e+00 7.707277199528459022e+00 1.727198598582420175e+01 3.681250000000000799e+00
9.612844630127755252e+00 1.342886947861578939e+01 2.107875613159282580e+01 3.159850000000000492e+00
1.329979063250724813e+01 1.343350608232347732e+01 3.214942377061271372e+01 2.641750000000000043e+00
1.054401374464130292e+01 3.878834848151482717e+00 3.519804101612655955e+01 2.838100000000000289e+00
5.236468114999802026e+00 1.650492525503546304e-01 2.869726475177188263e+01 2.933800000000000185e+00
2.845003383603658342e+00 8.610993016138719369e-01 2.247620160141475409e+01 2.859550000000000036e+00
2.848052660764095467e+00 2.716519640271641389e+00 1.790449493750402254e+01 2.808400000000000230e+00
4.571187455969521807e+00 6.292876101178867643e+00 1.547761519782880235e+01 3.687850000000000517e+00
8.489596941802725283e+00 1.267495094936859168e+01 1.788223739078835450e+01 3.423850000000001170e+00
1.353995636850523177e+01 1.591804379325328611e+01 2.986530298169384068e+01 2.892549999999999955e+00
1.211895380242309805e+01 5.169934431537043906e+00 3.723847412185630645e+01 2.707750000000000323e+00
5.607473806845144182e+00 -9.087732343847141347e-01 3.046266629782290281e+01 2.580700000000000660e+00
2.118221401254071434e+00 -6.810046906097771968e-01 2.339739628392353055e+01 3.783549999999999969e+00
1.358913169170192115e+00 3.689528865880216113e-01 1.807941237504295984e+01 2.927200000000000468e+00
1.907502654753980398e+00 2.011724201618806163e+00 1.418037114238187257e+01 2.816650000000000542e+00
3.762089818416376907e+00 5.613410706673139572e+00 1.204294187790330461e+01 3.819850000000000634e+00
8.077399199159835064e+00 1.312729268544626571e+01 1.457537359383183961e+01 3.550900000000000389e+00
1.456548726228935386e+01 1.851804843358066677e+01 2.959706753599287765e+01 2.976700000000000568e+00
1.300035062042300460e+01 4.094858984402707236e+00 3.978020047246372570e+01 2.498200000000000198e+00
4.590079326503932577e+00 -3.222618885346862250e+00 3.099816677580115964e+01 2.595550000000000246e+00
3.128150711641464188e-01 -3.051074429411843703e+00 2.341115421571248945e+01 2.714350000000000041e+00
-1.199058962139186724e+00 -3.308971534153626770e+00 1.808579663828725259e+01 2.536150000000000126e+00
-2.466839409314788067e+00 -5.146819139452848191e+00 1.439616421631640542e+01 2.739100000000000534e+00
-4.998577903885889739e+00 -9.703174448711289202e+00 1.310068033564379064e+01 3.095500000000000806e+00
-1.016933169404714832e+01 -1.771168953539267932e+01 1.863088175033302463e+01 2.466849999999999987e+00
-1.515027265135076640e+01 -1.702789051990221481e+01 3.519511253257978467e+01 2.164899999999999824e+00
-1.018293288741748803e+01 -2.628973641782889725e+00 3.706676721611679426e+01 2.395900000000000585e+00
-3.134640864083172218e+00 6.708988632698515975e-01 2.815843093859817614e+01 2.575750000000000206e+00
-2.855451870664678649e-01 2.019456405449882030e-01 2.144343185073384817e+01 2.621950000000000003e+00
6.542451962709264768e-01 3.452848411241069559e-01 1.649686771430819832e+01 2.887599999999999500e+00
1.460165817019831724e+00 1.549143105518259844e+00 1.284513116271245359e+01 2.965149999999999952e+00
3.161400857785965357e+00 4.746515208375516437e+00 1.067426152574775422e+01 4.319799999999999862e+00
7.197182767387130475e+00 1.207824886478664617e+01 1.238709386750221064e+01 3.846250000000000835e+00
1.424924209867067582e+01 1.985425948859142764e+01 2.677604792019101865e+01 3.237400000000000500e+00
1.428178172600394547e+01 5.709824641730610217e+00 4.116021139270340257e+01 2.938750000000000195e+00
5.021758699280089111e+00 -4.013263131545569351e+00 3.232801290791103810e+01 3.054250000000000131e+00
-1.211253455480609809e-01 -4.037602972263201195e+00 2.429609990121232244e+01 2.833149999999999835e+00
-2.062054305215948791e+00 -4.583651982296735206e+00 1.900994246186958492e+01 2.574100000000000055e+00
-3.859028234702236659e+00 -7.245529975001469225e+00 1.584656085408802895e+01 3.265449999999999964e+00
-7.259059419525308421e+00 -1.289331753055246743e+01 1.654170340537312356e+01 3.359500000000000597e+00
-1.249823658132515725e+01 -1.834608258947561410e+01 2.615051148562933037e+01 3.021250000000000213e+00
-1.336991651333083908e+01 -1.032244876052042493e+01 3.724511126573605679e+01 3.298450000000000326e+00
-7.095421860664861136e+00 -1.658463736739786309e+00 3.248487517021046500e+01 2.907400000000000428e+00
-2.659822362482166191e+00 -1.109393419912156231e+00 2.498361129131442837e+01 3.161500000000000199e+00
-1.403115584691052353e+00 -2.093279144691156723e+00 1.927344942750492152e+01 2.753950000000000120e+00
-1.682706631268617192e+00 -3.506701141273813160e+00 1.502837818487129162e+01 2.838100000000000289e+00
-3.151216986452310742e+00 -6.454786148996180195e+00 1.235173671315991584e+01 3.336399999999999810e+00
-6.730919457510756487e+00 -1.292781802925791723e+01 1.317339234464757602e+01 3.519550000000000178e+00
-1.315543152692623430e+01 -2.070358392296643757e+01 2.476185229114002695e+01 2.818300000000000249e+00
-1.460661545873970724e+01 -1.026021083478013018e+01 3.993576821642345465e+01 3.298450000000000326e+00
-6.389305459792755215e+00 7.007386080760800162e-01 3.331093406103598653e+01 2.895850000000000701e+00
-9.801808476813868021e-01 1.138745494813809600e+00 2.498896250359939941e+01 2.735799999999999788e+00
9.058952190997029419e-01 1.097385790088153179e+00 1.921802230768344799e+01 2.542749999999999844e+00
2.067397293849636775e+00 2.468289585433586453e+00 1.511745917055113608e+01 2.757250000000000423e+00
4.134636604050408337e+00 6.163488960866855493e+00 1.301150870926976033e+01 3.379300000000000637e+00
8.563508241613773109e+00 1.357650963112993381e+01 1.602062213102960797e+01 2.785299999999999887e+00
1.454424073814760554e+01 1.744879586169505004e+01 3.087237143228436054e+01 2.557600000000000318e+00
1.228709233251178645e+01 3.545214272549290335e+00 3.880530149060324874e+01 2.100550000000000139e+00
4.501317105869304669e+00 -2.625602946466469412e+00 3.030258976695583684e+01 2.476750000000000451e+00
6.999237451439324076e-01 -2.342953739518259582e+00 2.296399864790032197e+01 2.405799999999999716e+00
-5.145021999704957327e-01 -2.280301990229288478e+00 1.763897349662786596e+01 2.555949999999999722e+00
-1.280577044344263005e+00 -3.227473518172899070e+00 1.368252579304150096e+01 2.914000000000000146e+00
-2.719656413760222158e+00 -5.887605786218411907e+00 1.110902191912616033e+01 3.545949999999999935e+00
-6.135849605672197171e+00 -1.220611201927369649e+01 1.157370795555591236e+01 3.064149999999999707e+00
-1.281470888057805269e+01 -2.126535303683151668e+01 2.260565577600404197e+01 2.902449999999999974e+00
-1.545907838182824356e+01 -1.174478496668764649e+01 4.062037539430674826e+01 2.788600000000000190e+00
-6.762653682217977469e+00 1.328695310745255043e+00 3.437511855922670634e+01 2.872750000000000359e+00
-6.019539833668710038e-01 2.007480165629622171e+00 2.561150153741791868e+01 2.608750000000000124e+00
1.654894197296951308e+00 2.191814504575313904e+00 1.986374583869192634e+01 2.516350000000000087e+00
3.263749549597612543e+00 4.275246481074868932e+00 1.615205508537042434e+01 2.826550000000000562e+00
6.148405839953236196e+00 9.184926418514356428e+00 1.553416612639226280e+01 2.928850000000000176e+00
1.122896673029652170e+01 1.586094396620217495e+01 2.259793388624225940e+01 2.471800000000000441e+00
1.416590908144904759e+01 1.162509164220527680e+01 3.609849563506563186e+01 2.315049999999999830e+00
8.746602711231380667e+00 6.064173774150201091e-01 3.455670768136695870e+01 2.419000000000000039e+00
3.289353419450588678e+00 -1.205836546404608578e+00 2.667745627570373301e+01 2.389300000000000423e+00
1.378149740199612339e+00 -3.688393270406918889e-01 2.051149530366568641e+01 2.478400000000000158e+00
1.288452760338762104e+00 7.294742263875488852e-01 1.587769852707500640e+01 2.653299999999999770e+00
2.232512198987179897e+00 2.790012352477575064e+00 1.260034835853632096e+01 2.588950000000000085e+00
4.745207800759373207e+00 7.544463987708402541e+00 1.150231207430000424e+01 2.554300000000000015e+00
1.022944176498468671e+01 1.637400718393375598e+01 1.743319415394672944e+01 2.419000000000000039e+00
1.580341516219686859e+01 1.578177064353445402e+01 3.610984872426748638e+01 2.263899999999999579e+00
1.010543953836866216e+01 -4.954369689229954909e-01 3.773402836789470882e+01 2.217700000000000227e+00
2.412631483356817874e+00 -3.699016279548410058e+00 2.816235950697909374e+01 2.041150000000000020e+00
-6.656074309321150517e-01 -3.416563703321893186e+00 2.150481460110237464e+01 2.037850000000000161e+00
-2.043623035606901617e+00 -4.420187045311555707e+00 1.686877149616019622e+01 1.924000000000000155e+00
-3.923689834802314369e+00 -7.593974601803800795e+00 1.422824598883250324e+01 2.749000000000000110e+00
-7.809893446019750662e+00 -1.413212797091013684e+01 1.595654664252892907e+01 3.443650000000000322e+00
-1.355472728891332146e+01 -1.925629809531528380e+01 2.817696075041955694e+01 2.567500000000000338e+00
-1.308135732406877061e+01 -8.077117367388360947e+00 3.846168494877738198e+01 1.584100000000000064e+00
-5.801661962983899024e+00 -3.160235488184237607e-01 3.151141809582029296e+01 1.490050000000000097e+00
-1.599686435130952988e+00 -2.987576970914167518e-01 2.394420862523473303e+01 1.458700000000000330e+00
-3.802533202219240960e-01 -8.661651816998184872e-01 1.835697042708395088e+01 3.734050000000000313e+00
-1.620757324358982066e-01 -1.130891693376738338e+00 1.409763493311603533e+01 2.930500000000000327e+00
-2.284418119730957097e-01 -1.386503758036923939e+00 1.083073073942362008e+01 2.664850000000000385e+00
-5.094863341679463087e-01 -1.961195466565059276e+00 8.338493532015512244e+00 3.854500000000000259e+00
-1.277777047200887806e+00 -3.509042001207717476e+00 6.533222757120879187e+00 5.463249999999999496e+00
-3.391434634609014953e+00 -7.783760093814020564e+00 5.924312775095518013e+00 5.565550000000000885e+00
-8.936667426132167691e+00 -1.813958830666481603e+01 1.090503145613838321e+01 4.766949999999999577e+00
-1.741247765210922083e+01 -2.315787385867039561e+01 3.489914174157284066e+01 4.499650000000000816e+00
-1.169948307310535363e+01 3.442769473220386178e-01 4.162574502703617441e+01 4.501300000000000523e+00
-9.925174708394044476e-01 5.096421698198938088e+00 2.982280540144358838e+01 4.521100000000000563e+00
3.335513657904402685e+00 4.961729800116247091e+00 2.373383199706191249e+01 4.283500000000000085e+00
5.600623988242606544e+00 6.971434589568319851e+00 2.094914253556297723e+01 4.958350000000000257e+00
8.414367455216980929e+00 1.068465084007801025e+01 2.215939835835394689e+01 5.253699999999999370e+00
1.133396639469311573e+01 1.225101606825173661e+01 2.839017571262865047e+01 4.564000000000000057e+00
1.099634892070880277e+01 7.386116128477736353e+00 3.297182025729951960e+01 4.547500000000000320e+00
7.537422433069538741e+00 3.058170396418784520e+00 3.005985058370948337e+01 4.199349999999999916e+00
5.131303588772102131e+00 2.875383614227413620e+00 2.505639380488203471e+01 4.215849999999999653e+00
4.968988350621446948e+00 4.817556865396118937e+00 2.125793156009639873e+01 3.943600000000000438e+00
6.722127171429855608e+00 8.383684609318214243e+00 2.013640222899602250e+01 4.212549999999999351e+00
9.951397549623782979e+00 1.241232928089373821e+01 2.398874177272830721e+01 3.895749999999999602e+00
1.207959111306683475e+01 1.106335024177955972e+01 3.167068553428063282e+01 3.729100000000000303e+00
9.660494660717747095e+00 4.587751526093231114e+00 3.282174716343357090e+01 3.740650000000000475e+00
5.947449313205683374e+00 2.134035233954703514e+00 2.784494698444773064e+01 3.778600000000000847e+00
4.425696851363962736e+00 3.087109542314818711e+00 2.286588759584617492e+01 3.575649999999999551e+00
5.091450697045967644e+00 5.727836303061831558e+00 1.971148498356947343e+01 3.734050000000000313e+00
